 HDhr3982,    100822.31,   115801.95,  2000.0, 1.4,  Bstar  !3 obs
 HD112019,    125342.66,  -272415.45,  2000.0, 7.7,
 HIP62320,    124616.20,   053151.81,  2000.0, 9.4,
 HD109684,    123628.44,   104347.40,  2000.0, 8.7,
 HIP61490,    123555.53,   221543.86,  2000.0, 9.7,
 HIP61205,    123231.07,   351952.31,  2000.0, 9.6,
 HD108021,    122429.95,   311649.28,  2000.0, 8.8,
 HD110743,    124354.37,   342037.38,  2000.0, 8.8,
 HD110463,    124144.52,   554328.83,  2000.0, 8.3,
 HD101904,    114400.28,   645751.11,  2000.0, 8.2,
 HD104389,    120116.02,   790514.74,  2000.0, 8.4,
 HIP66448,    133718.24,   513217.13,  2000.0, 9.8,
 HIP65407,    132421.04,   485306.34,  2000.0, 9.4,
 HD121979,    135617.76,   665641.02,  2000.0, 8.4,
 HD113338,    130238.78,   310441.96,  2000.0, 9.6,
 HIP63857,    130514.16,   380023.56,  2000.0, 9.8,
 HIP66865,    134216.17,   360621.58,  2000.0, 9.0,
 HD122968,    140411.36,   372209.46,  2000.0, 8.6,
 HD125874,    142108.86,   372403.69,  2000.0, 8.9,
 HIP69988,    141915.89,   220555.71,  2000.0, 9.6,
 HD126584,    142605.94,   113603.44,  2000.0, 9.7,
 HD122973,    140510.69,  -090254.62,  2000.0, 8.1,
 HD123806,    140956.91,  -070936.30,  2000.0, 9.4,
 HD124900,    141620.16,  -041706.72,  2000.0, 8.9,
 HD128866,    143928.28,  -001456.34,  2000.0, 9.1,
 HIP72275,    144649.41,  -014143.40,  2000.0, 9.5,
 HD126053,    142315.15,   011433.80,  2000.0, 6.2,  !3 obs RV std
 HD133233,    150320.44,   045002.90,  2000.0, 7.6,
 HD133600,    150513.25,   061723.68,  2000.0, 8.2,
 HIP74008,    150727.59,   094942.52,  2000.0, 9.6,
 HIP73725,    150415.85,   391230.25,  2000.0, 9.7,
 HD135122,    151201.94,   395727.58,  2000.0, 9.4,
