HD94028     ,105128.1 ,+201639.0 ,2000
BD+36 2165  ,111248.0 ,+354343.9 ,2000
HD97916     ,111554.2 ,+020512.1 ,2000
BD+51 1696  ,114635.2 ,+505254.7 ,2000
BD-13 3442  ,114650.7 ,-140643.5 ,2000
HD104056    ,115903.1 ,-044638.9 ,2000
HD108177    ,122535.0 ,+011702.3 ,2000
HD111980    ,125315.1 ,-183120.0 ,2000
HD113083    ,130126.3 ,-272228.3 ,2000
BD+34 2476  ,135909.5 ,+335139.4 ,2000
BD+26 2621  ,145410.7 ,+253348.9 ,2000
HD132475    ,145949.8 ,-220045.8 ,2000
BD+26 2651  ,150612.8 ,+260309.8 ,2000
HD160617    ,174249.3 ,-401915.5 ,2000
BD-8 4501   ,174728.0 ,-084647.7 ,2000
HD161770    ,174746.1 ,-093618.5 ,2000
BD+36 2964  ,175218.1 ,+362406.6 ,2000
BD+13 3683  ,183316.8 ,+130925.5 ,2000
G206-34     ,183519.2 ,+284155.4 ,2000
G21-22      ,183910.0 ,+000712.0 ,2000
HD175305    ,184706.4 ,+744331.4 ,2000
BD+28 3137  ,185815.9 ,+290749.7 ,2000
HD181473    ,192015.2 ,+102558.4 ,2000
LP 752-17   ,192526.0 ,-115648.0 ,2000
HD188510    ,195509.7 ,+104427.4 ,2000
HD189558    ,200100.2 ,-121520.3 ,2000
BD+23 3912  ,201048.1 ,+235754.5 ,2000
HD193901    ,202335.8 ,-212214.2 ,2000
G186-26     ,202445.4 ,+250307.1 ,2000
LP 635-14   ,202647.0 ,-003706.0 ,2000
LP 815-43   ,203814.0 ,-202554.0 ,2000
BD-14 5850  ,204734.4 ,-142533.6 ,2000
BD+4 4551   ,204850.7 ,+051158.8 ,2000
HD201891    ,211159.0 ,+174339.9 ,2000
G126-52     ,220413.0 ,+193254.0 ,2000
G275-4      ,230721.0 ,-235236.0 ,2000
BD+02 4651  ,231940.5 ,+032216.7 ,2000
BD+59 2723  ,232632.8 ,+603742.7 ,2000
HR 8888     ,232158.3 ,+263632.0 ,2000
